------------------------------------------------------------------------------------------------------
BasicModel

Number of parameters in this model are 8,409,418 

[580  33  63  44  32  11  17  24 136  60] (0)
[ 45 661   5  20   8   6   8  15  62 170] (1)
[118  19 329 142 102  80  80  62  45  23] (2)
[ 46  31  68 360  80 182  89  78  28  38] (3)
[ 47  11 127 119 325  90 110 125  22  24] (4)
[ 29  35  82 195  87 377  52  93  27  23] (5)
[ 26  39  60 134  59  61 543  27  20  31] (6)
[ 35  18  47 102  68  93  12 548  16  61] (7)
[165  63  22  29  14  10  11   7 623  56] (8)
[ 47 215  11  27   9  10  10  29  87 555] (9)
 )
Accuracy: 49.01 %

------------------------------------------------------------------------------------------------------
BasicModel2

Number of parameters in this model are 1,807,754 

[[783  12  65  13   6   5   8   7  72  29](0)
 [ 10 884  13   5   0   5   6   2  19  56](1)
 [ 42   4 733  36  69  36  45  14  17   4](2)
 [ 22   7 119 461  50 205  67  36  18  15](3)
 [ 23   1  73  30 701  42  41  74  10   5](4)
 [  6   3  55 104  38 708  29  40   6  11](5)
 [  8   4  36  22  37  31 846   3   9   4](6)
 [ 19   2  33  29  36  51  11 797   5  17](7)
 [ 43  15  14   6   0   7   1   4 883  27](8)
 [ 21  66   7   9   0   4   5   6  22 860]](9)
 
 (0) (1) (2) (3) (4) (5) (6) (7) (8) (9)
Accuracy: 76.56% 

------------------------------------------------------------------------------------------------------
ResNet

Number of parameters in this model are 795,466 

[[796  11  45  32  15   6   8  12  48  27]
 [ 14 881   5  10   1  13   4   2  14  56]
 [ 66   5 618  93  59  65  51  27  15   1]
 [ 14   6  54 598  42 179  54  40   3  10]
 [ 12   1  69  97 676  47  47  43   8   0]
 [  6   2  23 193  29 698  16  28   1   4]
 [  5   7  46  74  36  38 786   3   4   1]
 [ 11   1  30  59  66  64   6 752   4   7]
 [ 62  26  13  16   7  14   6   5 833  18]
 [ 19  78   8  26   3  11   4  14  18 819]]
Accuracy: 74.57% 


------------------------------------------------------------------------------------------------------
ResNet2

Number of parameters in this model are 795,466 

[[757  14  50  20  32  14  10  10  57  36]
 [ 19 851   8   4   5   7   7   4  23  72]
 [ 69   3 639  59  84  53  51  23  17   2]
 [ 18   6  89 490  58 208  64  44   8  15]
 [ 17   2  79  49 703  53  34  49   8   6]
 [  5   3  43 138  44 685  22  46   3  11]
 [  9   9  71  44  48  23 778   8   6   4]
 [ 10   2  40  34  51  49  11 793   2   8]
 [ 42  31   7   8  10   8   3   5 865  21]
 [ 22  64   8  12   4   5   2  10  18 855]]
Accuracy: 74.16% 
------------------------------------------------------------------------------------------------------
DenseNet

Number of parameters in this model are 695,368 

[704  27  37  16  17   4   5  17 126  47] (0)
[ 30 783   7   3  13   6   9   6  26 117] (1)
[ 99   9 430  53 174  58  79  54  31  13] (2)
[ 26  26  62 385 120 172  92  63  25  29] (3)
[ 30   4  47  41 688  19  48  98  15  10] (4)
[ 14   5  49 168  86 520  33  91  16  18] (5)
[ 13  18  48  51  83  31 720  14  11  11] (6)
[ 25   7  28  50 110  51  11 685  13  20] (7)
[103  64  11   4  11   6   8  10 739  44] (8)
[ 45 100   5   6  12   6   3  31  36 756] (9)
 (0) (1) (2) (3) (4) (5) (6) (7) (8) (9)
Accuracy: 64.1 %
------------------------------------------------------------------------------------------------------
ResNext

Number of parameters in this model are 8,611,274 

[602  38  58  25  21  12   8  29 167  40] (0)
[ 33 664  15  20  14  12  12  18  70 142] (1)
[ 90  15 437  91 138  87  38  54  30  20] (2)
[ 24  18 127 349 100 222  55  60  25  20] (3)
[ 41   8 132  73 503  54  31 118  26  14] (4)
[ 18  13  92 230  55 471   9  76  22  14] (5)
[ 16  16  81  98  95  66 574  27  19   8] (6)
[ 28   9  61  78  95  97  10 567  13  42] (7)
[101  76  24  19  14  17  11  12 679  47] (8)
[ 45 117  11  28  19  28  12  37  79 624] (9)
 (0) (1) (2) (3) (4) (5) (6) (7) (8) (9)
Accuracy: 54.7 %
------------------------------------------------------------------------------------------------------
